Toplist   999999 999 1181234567
YT6W      202472 580 1341074524
HA8KW     148892 450 1327830726
DL4UNY    145549 460 1340821444
SV2KBS     98758 320 1324127602
YT1BX      97934 320 1351780130
DL4DZ      92702 280 1259859932
HB9DHG     90650 310 1317898794
DF6FR      90337 330 1288694924
OH1FJV     88986 310 1244479654
AK7V       86857 320 1181234567
SJ2W       85293 290 1323295853
ON4KLG     84027 270 1317038979
ZL2BSJ     83537 290 1182680712
DL4VAP     81448 280 1349191683
DL1KSE     80278 300 1279829968
KO6U       79857 290 1262194217
DL7YEC     79643 270 1296313733
DL8DTL     78342 260 1311845946
IK2CFD     77679 280 1258333860
LZ2UX      76654 270 1324216238
DL1HR      76614 270 1214812003
WV7U       76426 270 1279738176
KC0VKN     76171 260 1286986695
KK0HF      75749 270 1226758487
KF4BBT     75656 290 1331396464
DK5CF      75448 260 1312915502
ON7EH      74111 250 1350060933
PA4N       73076 230 1354539200
HA3FL      72520 270 1321044800
EA1ABZ     71487 260 1258140401
ON4ACP     70881 225 1346778079
ES5NHC     70360 270 1226736747
LA4RT      70043 250 1260041289
K3DCB      69455 270 1273260150
OE3KAB     69338 250 1263795285
LA6AKA     69042 240 1238951396
AA1XV      68716 260 1245202665
SQ9IVD     67730 250 1215080784
M0JWT      66576 250 1250792053
DL7FG      65788 230 1331130351
T94DJ      65521 250 1199559785
DK5TX      64400 240 1309531147
AI4EK      64366 250 1287861107
K8DD       62572 260 0000000000
N8NM       61986 230 1244343682
WW2DX      61752 240 1294765438
F4UKP      61406 220 1300126810
NN6T       61384 230 1352692800
AB4FH      61073 240 1344890100
EA8BVP     60049 230 1216307919
HB9BJL     59464 215 1345276800
JQ3XZJ     58918 230 1295881580
F8BQQ      57988 200 1285932586
KB1OOO     57263 230 1215783390
LA1BFA     56911 220 1208981481
K1GPL      56900 220 0000000000
AC0XR      56462 220 1331475485
DK9HE      54759 190 1333127520
CX5BT      54738 220 1280093130
YU1QRP     54594 200 0000000000
CT1DRB     53904 200 1195507884
IK0TWN     53863 210 1342127625
DL1JBE     53306 210 1229874207
OM4KW      52241 200 1199479787
S51DA      51922 210 1214658806
G0DUB      51878 190 1220912986
W4GNS      51195 190 1246498796
M0ERA      50783 210 1230889249
AA1OF      50522 210 1266431264
YB1NWP     50460 200 1309426262
DL2FZN     49974 180 1285435807
ON6NB      49002 200 1327259609
JH4XSY     48760 210 1307852924
KX9Y       47876 200 1191434622
SQ5BPF     47659 200 1273770549
IK5PVX     47399 190 1275027327
NK1W       46290 180 1250726006
YB9BWN     42942 170 1311943321
N0NB       40860 180 1259287868
KI4FND     39218 160 1201066934
W9YA       38957 165 1192869212
ON6MI      38700 150 1355941590
DL1YOV     31541 145 1235584392
SQ6RGK     27894 120 1309150175
JS6SUP     27620 120 1340173334
VE2EXB     27428 150 1244738803
IZ3GME     22114 100 1343398822
ISTI       10827  65 1349645728
KB8AMZ      7489  60 1340447529
